[Spring-Framework-min.jpg]
filters=finetune2=1,1.000000,0.000000,0.000000,00000000,0.000000;finetune2=1,1.000000,0.000000,0.000000,00000000,0.000000;
moddate=1560567192d8d701
width=1268
height=765
textactive=0
